<?xml version="1.0"?>
<opencv_storage>
<Camera><Calibrated>1</Calibrated>
  <Matrix type_id="opencv-matrix">
    <rows>3</rows>
    <cols>3</cols>
    <dt>d</dt>
    <data>
      1.5834672602763416e+004 0. 2.1368865175069723e+003 0.
      1.5815058947791489e+004 1.4242997913251038e+003 0. 0. 1.</data></Matrix>
  <Distortion type_id="opencv-matrix">
    <rows>1</rows>
    <cols>5</cols>
    <dt>d</dt>
    <data>
      9.9888181362859141e-001 2.3259600423100135e-001
      -9.3390716869661775e-003 -4.4459872123014986e-003
      -3.8747367427309104e+002</data></Distortion>
  <Translation type_id="opencv-matrix">
    <rows>3</rows>
    <cols>1</cols>
    <dt>d</dt>
    <data>
      5.8967272089996165e+001 4.1847971258799561e+001
      1.4277616867409115e+003</data></Translation>
  <Rotation type_id="opencv-matrix">
    <rows>3</rows>
    <cols>3</cols>
    <dt>d</dt>
    <data>
      -9.9591595644571851e-001 -2.3366780376522782e-002
      8.7208951786185818e-002 -6.1672944816181571e-003
      -9.4606487028721786e-001 -3.2391854792093439e-001
      9.0074259228632769e-002 -3.2313349375028427e-001
      9.4205699033612023e-001</data></Rotation>
  <Height>2848</Height>
  <Width>4288</Width></Camera>
<BoardSquare><Height>33</Height>
  <Width>33</Width></BoardSquare>
<ExtractedFeatures><CameraImages><NumberOfImgs>6</NumberOfImgs>
    <Image1><BoardCorners>
        1.36241309e+003 8.88734680e+002 1.74994739e+003 8.29473633e+002
        2.13370947e+003 7.70381836e+002 2.51191406e+003 7.09749146e+002
        2.88809595e+003 6.49352478e+002 3.26328271e+003 5.87935059e+002
        3.64067407e+003 5.25128662e+002 1.38821191e+003 1.22646240e+003
        1.77151807e+003 1.16706238e+003 2.14730322e+003 1.10518970e+003
        2.51999414e+003 1.04540210e+003 2.89076221e+003 9.84822998e+002
        3.26019360e+003 9.23985840e+002 3.63192017e+003 8.62204407e+002
        1.41362451e+003 1.55492554e+003 1.78926367e+003 1.49289893e+003
        2.16125269e+003 1.43161804e+003 2.52918091e+003 1.37045117e+003
        2.89424048e+003 1.31025256e+003 3.25842480e+003 1.24946643e+003
        3.62518384e+003 1.18845935e+003 1.43633704e+003 1.87435095e+003
        1.80770728e+003 1.81138928e+003 2.17462280e+003 1.75010730e+003
        2.53770020e+003 1.68787097e+003 2.89932520e+003 1.62759717e+003
        3.25806616e+003 1.56676904e+003 3.61913013e+003 1.50641992e+003
        1.45821741e+003 2.18642920e+003 1.82465417e+003 2.12279175e+003
        2.18855518e+003 2.06020752e+003 2.54568994e+003 1.99832788e+003
        2.90362988e+003 1.93685144e+003 3.25858911e+003 1.87605945e+003
        3.61396533e+003 1.81626660e+003 1.47889246e+003 2.49264282e+003
        1.84239465e+003 2.42745825e+003 2.20206885e+003 2.36374316e+003
        2.55419482e+003 2.30261133e+003 2.90619629e+003 2.24107422e+003
        3.26046484e+003 2.17910034e+003 3.61089087e+003 2.11871460e+003</BoardCorners>
      <ObjBoardCorners>
        0. 0. 0. 33. 0. 0. 66. 0. 0. 99. 0. 0. 132. 0. 0. 165. 0. 0.
        198. 0. 0. 0. 33. 0. 33. 33. 0. 66. 33. 0. 99. 33. 0. 132. 33.
        0. 165. 33. 0. 198. 33. 0. 0. 66. 0. 33. 66. 0. 66. 66. 0. 99.
        66. 0. 132. 66. 0. 165. 66. 0. 198. 66. 0. 0. 99. 0. 33. 99. 0.
        66. 99. 0. 99. 99. 0. 132. 99. 0. 165. 99. 0. 198. 99. 0. 0.
        132. 0. 33. 132. 0. 66. 132. 0. 99. 132. 0. 132. 132. 0. 165.
        132. 0. 198. 132. 0. 0. 165. 0. 33. 165. 0. 66. 165. 0. 99. 165.
        0. 132. 165. 0. 165. 165. 0. 198. 165. 0.</ObjBoardCorners></Image1>
    <Image2><BoardCorners>
        1.16223730e+003 7.02939453e+002 1.53187537e+003 7.45248657e+002
        1.90300073e+003 7.86015137e+002 2.27938940e+003 8.28073425e+002
        2.65907349e+003 8.69048523e+002 3.04663330e+003 9.10955505e+002
        3.44288232e+003 9.51292908e+002 1.16906775e+003 1.06683716e+003
        1.53445203e+003 1.10967664e+003 1.90210999e+003 1.15343457e+003
        2.27426392e+003 1.19702197e+003 2.64982666e+003 1.24112488e+003
        3.03335767e+003 1.28447900e+003 3.42349634e+003 1.32947302e+003
        1.17461047e+003 1.42329956e+003 1.53586987e+003 1.46794275e+003
        1.90049011e+003 1.51270618e+003 2.26834277e+003 1.55855981e+003
        2.64089502e+003 1.60375378e+003 3.02116064e+003 1.65046375e+003
        3.40746777e+003 1.69787952e+003 1.17842920e+003 1.77391138e+003
        1.53751489e+003 1.81991699e+003 1.89877490e+003 1.86605701e+003
        2.26368579e+003 1.91394617e+003 2.63178906e+003 1.96154211e+003
        3.00939697e+003 2.01086707e+003 3.39289697e+003 2.06019409e+003
        1.18172375e+003 2.11875977e+003 1.53847473e+003 2.16647729e+003
        1.89542590e+003 2.21371460e+003 2.25751440e+003 2.26254395e+003
        2.62434692e+003 2.31186523e+003 2.99830005e+003 2.36484790e+003
        3.37836157e+003 2.41827832e+003</BoardCorners>
      <ObjBoardCorners>
        0. 0. 0. 33. 0. 0. 66. 0. 0. 99. 0. 0. 132. 0. 0. 165. 0. 0.
        198. 0. 0. 0. 33. 0. 33. 33. 0. 66. 33. 0. 99. 33. 0. 132. 33.
        0. 165. 33. 0. 198. 33. 0. 0. 66. 0. 33. 66. 0. 66. 66. 0. 99.
        66. 0. 132. 66. 0. 165. 66. 0. 198. 66. 0. 0. 99. 0. 33. 99. 0.
        66. 99. 0. 99. 99. 0. 132. 99. 0. 165. 99. 0. 198. 99. 0. 0.
        132. 0. 33. 132. 0. 66. 132. 0. 99. 132. 0. 132. 132. 0. 165.
        132. 0. 198. 132. 0.</ObjBoardCorners></Image2>
    <Image3><BoardCorners>
        3.59839990e+003 2.45866675e+003 3.21931128e+003 2.45435840e+003
        2.84142139e+003 2.45059692e+003 2.47068530e+003 2.44724951e+003
        2.10114917e+003 2.44492896e+003 1.73253711e+003 2.44305151e+003
        1.36313794e+003 2.44233398e+003 3.59718750e+003 2.10206689e+003
        3.21476221e+003 2.09883203e+003 2.83924170e+003 2.09629443e+003
        2.46397095e+003 2.09548682e+003 2.09267407e+003 2.09346924e+003
        1.72238550e+003 2.09202734e+003 1.35079675e+003 2.09132178e+003
        3.59704419e+003 1.74239868e+003 3.21323657e+003 1.74088501e+003
        2.83538989e+003 1.73981787e+003 2.45631470e+003 1.73957788e+003
        2.08342944e+003 1.73906726e+003 1.71100317e+003 1.73893079e+003
        1.33812695e+003 1.73822620e+003 3.59831738e+003 1.37845691e+003
        3.21266162e+003 1.37894385e+003 2.82998560e+003 1.37948206e+003
        2.45008936e+003 1.37967859e+003 2.07446362e+003 1.37947424e+003
        1.69944727e+003 1.37999646e+003 1.32394299e+003 1.37974841e+003
        3.60062280e+003 1.00806128e+003 3.21241382e+003 1.01120892e+003
        2.82620972e+003 1.01306500e+003 2.44565601e+003 1.01580481e+003
        2.06529565e+003 1.01642987e+003 1.68711499e+003 1.01603223e+003
        1.30862256e+003 1.01557391e+003 3.60483057e+003 6.33388489e+002
        3.21321313e+003 6.37359497e+002 2.82468896e+003 6.39831482e+002
        2.43861694e+003 6.42631653e+002 2.05668896e+003 6.44627380e+002
        1.67388208e+003 6.45972961e+002 1.29195654e+003 6.45424866e+002</BoardCorners>
      <ObjBoardCorners>
        0. 0. 0. 33. 0. 0. 66. 0. 0. 99. 0. 0. 132. 0. 0. 165. 0. 0.
        198. 0. 0. 0. 33. 0. 33. 33. 0. 66. 33. 0. 99. 33. 0. 132. 33.
        0. 165. 33. 0. 198. 33. 0. 0. 66. 0. 33. 66. 0. 66. 66. 0. 99.
        66. 0. 132. 66. 0. 165. 66. 0. 198. 66. 0. 0. 99. 0. 33. 99. 0.
        66. 99. 0. 99. 99. 0. 132. 99. 0. 165. 99. 0. 198. 99. 0. 0.
        132. 0. 33. 132. 0. 66. 132. 0. 99. 132. 0. 132. 132. 0. 165.
        132. 0. 198. 132. 0. 0. 165. 0. 33. 165. 0. 66. 165. 0. 99. 165.
        0. 132. 165. 0. 165. 165. 0. 198. 165. 0.</ObjBoardCorners></Image3>
    <Image4><BoardCorners>
        1.44328662e+003 5.62459290e+002 1.84385742e+003 5.61992310e+002
        2.24219165e+003 5.59334595e+002 2.64410669e+003 5.56136902e+002
        3.04943604e+003 5.51651794e+002 3.45925952e+003 5.44812378e+002
        1.47718054e+003 8.67982422e+002 1.86883008e+003 8.66535278e+002
        2.26120337e+003 8.64334839e+002 2.65447900e+003 8.62583496e+002
