<?xml version="1.0"?>
<opencv_storage>
<Camera><Calibrated>1</Calibrated>
  <Matrix type_id="opencv-matrix">
    <rows>3</rows>
    <cols>3</cols>
    <dt>d</dt>
    <data>
      1.2217415100307617e+004 0. 2.3016589173479006e+003 0.
      1.2215554865838885e+004 1.6898009788659692e+003 0. 0. 1.</data></Matrix>
  <Distortion type_id="opencv-matrix">
    <rows>1</rows>
    <cols>5</cols>
    <dt>d</dt>
    <data>
      3.7103176304439184e-001 6.9976221810182118e+000
      -2.3427160184016109e-003 -2.6614078386535726e-003
      -1.2524329650344754e+002</data></Distortion>
  <Translation type_id="opencv-matrix">
    <rows>3</rows>
    <cols>1</cols>
    <dt>d</dt>
    <data>
      4.6755304921859405e+001 4.0334552604526323e+001
      9.9292404302190755e+002</data></Translation>
  <Rotation type_id="opencv-matrix">
    <rows>3</rows>
    <cols>3</cols>
    <dt>d</dt>
    <data>
      -8.7955971661082422e-001 -7.8462207613628349e-002
      -4.6927431944640063e-001 1.9989940147378905e-002
      -9.9153184084290946e-001 1.2831605857247685e-001
      -4.7536839104886941e-001 1.0348087055619014e-001
      8.7367991977642634e-001</data></Rotation>
  <Height>3264</Height>
  <Width>4896</Width></Camera>
<BoardSquare><Height>33</Height>
  <Width>33</Width></BoardSquare>
<ExtractedFeatures><CameraImages><NumberOfImgs>6</NumberOfImgs>
    <Image1><BoardCorners>
        3.84022974e+003 2.59453174e+003 3.50015527e+003 2.61430225e+003
        3.15145728e+003 2.63600049e+003 2.79278906e+003 2.65838379e+003
        2.42405786e+003 2.68253931e+003 2.04366553e+003 2.70817847e+003
        1.64777393e+003 2.73606323e+003 3.79343237e+003 2.19178247e+003
        3.45516577e+003 2.20706079e+003 3.10784155e+003 2.22212720e+003
        2.75159814e+003 2.23870752e+003 2.38453125e+003 2.25594507e+003
        2.00546960e+003 2.27403613e+003 1.61119336e+003 2.29433252e+003
        3.74856641e+003 1.79523425e+003 3.41180811e+003 1.80435181e+003
        3.06603296e+003 1.81441614e+003 2.71110913e+003 1.82449988e+003
        2.34530591e+003 1.83517737e+003 1.96749890e+003 1.84611780e+003
        1.57484753e+003 1.85780505e+003 3.70599805e+003 1.40096252e+003
        3.37014185e+003 1.40588391e+003 3.02542676e+003 1.40966846e+003
        2.67133350e+003 1.41407019e+003 2.30658545e+003 1.41759070e+003
        1.92942236e+003 1.42164905e+003 1.53792639e+003 1.42519824e+003
        3.66473267e+003 1.01058923e+003 3.32994263e+003 1.00942151e+003
        2.98575317e+003 1.00829395e+003 2.63254834e+003 1.00586505e+003
        2.26815991e+003 1.00335938e+003 1.89162427e+003 9.99626587e+002
        1.50045764e+003 9.95647888e+002 3.62567554e+003 6.20547607e+002
        3.29057910e+003 6.14839355e+002 2.94716797e+003 6.07570862e+002
        2.59415942e+003 5.99708496e+002 2.23007104e+003 5.89838745e+002
        1.85327869e+003 5.79439392e+002 1.46192834e+003 5.67207336e+002</BoardCorners>
      <ObjBoardCorners>
        0. 0. 0. 33. 0. 0. 66. 0. 0. 99. 0. 0. 132. 0. 0. 165. 0. 0.
        198. 0. 0. 0. 33. 0. 33. 33. 0. 66. 33. 0. 99. 33. 0. 132. 33.
        0. 165. 33. 0. 198. 33. 0. 0. 66. 0. 33. 66. 0. 66. 66. 0. 99.
        66. 0. 132. 66. 0. 165. 66. 0. 198. 66. 0. 0. 99. 0. 33. 99. 0.
        66. 99. 0. 99. 99. 0. 132. 99. 0. 165. 99. 0. 198. 99. 0. 0.
        132. 0. 33. 132. 0. 66. 132. 0. 99. 132. 0. 132. 132. 0. 165.
        132. 0. 198. 132. 0. 0. 165. 0. 33. 165. 0. 66. 165. 0. 99. 165.
        0. 132. 165. 0. 165. 165. 0. 198. 165. 0.</ObjBoardCorners></Image1>
    <Image2><BoardCorners>
        1.91219800e+003 5.22986755e+002 2.30772925e+003 5.35472046e+002
        2.68627539e+003 5.46148315e+002 3.05230420e+003 5.54919861e+002
        3.40526001e+003 5.62506714e+002 3.74838062e+003 5.69120605e+002
        1.87327771e+003 9.82846497e+002 2.26613745e+003 9.84831299e+002
        2.64092285e+003 9.87802429e+002 3.00376563e+003 9.89771545e+002
        3.35431982e+003 9.90656250e+002 3.69469116e+003 9.90511169e+002
        1.83424622e+003 1.43515405e+003 2.22405542e+003 1.42895227e+003
        2.59679663e+003 1.42258020e+003 2.95732813e+003 1.41658167e+003
        3.30526929e+003 1.40996301e+003 3.64332056e+003 1.40384192e+003
        1.79569299e+003 1.87937634e+003 2.18281079e+003 1.86485657e+003
        2.55377026e+003 1.85009399e+003 2.91211694e+003 1.83627991e+003
        3.25839941e+003 1.82294495e+003 3.59453638e+003 1.80990039e+003
        1.75667664e+003 2.31746143e+003 2.14225171e+003 2.29352515e+003
        2.51183179e+003 2.27109644e+003 2.86823926e+003 2.25031201e+003
        3.21311401e+003 2.22994629e+003 3.54751050e+003 2.21101392e+003
        1.71735791e+003 2.75177466e+003 2.10179077e+003 2.71938110e+003
        2.47018872e+003 2.68906519e+003 2.82546826e+003 2.66029077e+003
        3.16935156e+003 2.63360034e+003 3.50245142e+003 2.60787476e+003</BoardCorners>
      <ObjBoardCorners>
        0. 0. 0. 33. 0. 0. 66. 0. 0. 99. 0. 0. 132. 0. 0. 165. 0. 0. 0.
        33. 0. 33. 33. 0. 66. 33. 0. 99. 33. 0. 132. 33. 0. 165. 33. 0.
        0. 66. 0. 33. 66. 0. 66. 66. 0. 99. 66. 0. 132. 66. 0. 165. 66.
        0. 0. 99. 0. 33. 99. 0. 66. 99. 0. 99. 99. 0. 132. 99. 0. 165.
        99. 0. 0. 132. 0. 33. 132. 0. 66. 132. 0. 99. 132. 0. 132. 132.
        0. 165. 132. 0. 0. 165. 0. 33. 165. 0. 66. 165. 0. 99. 165. 0.
        132. 165. 0. 165. 165. 0.</ObjBoardCorners></Image2>
    <Image3><BoardCorners>
        3.64076147e+003 2.96319458e+003 3.25725146e+003 2.97089429e+003
        2.86994214e+003 2.97982544e+003 2.47725000e+003 2.98957129e+003
        2.07901367e+003 3.00114404e+003 1.67146619e+003 3.01437378e+003
        1.25464502e+003 3.02905078e+003 8.26857727e+002 3.04625317e+003
        3.63689307e+003 2.55866748e+003 3.25446167e+003 2.56391602e+003
        2.86767139e+003 2.57029517e+003 2.47652832e+003 2.57713574e+003
        2.07903589e+003 2.58498828e+003 1.67317737e+003 2.59386914e+003
        1.25714563e+003 2.60398633e+003 8.31253967e+002 2.61540161e+003
        3.63441431e+003 2.15678442e+003 3.25246875e+003 2.15955054e+003
        2.86664600e+003 2.16332666e+003 2.47565967e+003 2.16733911e+003
        2.07876123e+003 2.17167603e+003 1.67346960e+003 2.17641260e+003
        1.25897119e+003 2.18178540e+003 8.33778992e+002 2.18756348e+003
        3.63337549e+003 1.75626514e+003 3.25161768e+003 1.75703748e+003
        2.86588379e+003 1.75772534e+003 2.47583984e+003 1.75866357e+003
        2.07834375e+003 1.75941760e+003 1.67327844e+003 1.75931897e+003
        1.25911365e+003 1.76109509e+003 8.34157898e+002 1.76194702e+003
        3.63346729e+003 1.35566321e+003 3.25184473e+003 1.35416016e+003
        2.86599927e+003 1.35247034e+003 2.47541772e+003 1.34902771e+003
        2.07771289e+003 1.34638708e+003 1.67303674e+003 1.34338367e+003
        1.25832324e+003 1.33962085e+003 8.33276978e+002 1.33533008e+003
        3.63514258e+003 9.53963501e+002 3.25262231e+003 9.50193054e+002
        2.86712622e+003 9.44766479e+002 2.47531250e+003 9.39939270e+002
        2.07775537e+003 9.33408752e+002 1.67043933e+003 9.24273865e+002
        1.25649121e+003 9.17719360e+002 8.29875061e+002 9.07461731e+002
        3.63828711e+003 5.50286560e+002 3.25513159e+003 5.43497498e+002
        2.86755347e+003 5.35943054e+002 2.47551758e+003 5.27070557e+002
        2.07664380e+003 5.17498779e+002 1.66958704e+003 5.05440826e+002
        1.25224854e+003 4.92070343e+002 8.24980774e+002 4.77629456e+002</BoardCorners>
      <ObjBoardCorners>
        0. 0. 0. 33. 0. 0. 66. 0. 0. 99. 0. 0. 132. 0. 0. 165. 0. 0.
        198. 0. 0. 231. 0. 0. 0. 33. 0. 33. 33. 0. 66. 33. 0. 99. 33. 0.
        132. 33. 0. 165. 33. 0. 198. 33. 0. 231. 33. 0. 0. 66. 0. 33.
        66. 0. 66. 66. 0. 99. 66. 0. 132. 66. 0. 165. 66. 0. 198. 66. 0.
        231. 66. 0. 0. 99. 0. 33. 99. 0. 66. 99. 0. 99. 99. 0. 132. 99.
        0. 165. 99. 0. 198. 99. 0. 231. 99. 0. 0. 132. 0. 33. 132. 0.
