<?xml version="1.0"?>
<opencv_storage>
<Camera><Calibrated>1</Calibrated>
  <Matrix type_id="opencv-matrix">
    <rows>3</rows>
    <cols>3</cols>
    <dt>d</dt>
    <data>
      8.7837958085645496e+003 0. 2.2257049858920518e+003 0.
      8.8231981281900225e+003 1.5274160312432193e+003 0. 0. 1.</data></Matrix>
  <Distortion type_id="opencv-matrix">
    <rows>1</rows>
    <cols>5</cols>
    <dt>d</dt>
    <data>
      -7.8747322107296083e-002 4.8363431750442079e+000
      -2.2974980416670780e-003 -2.9400571319807877e-003
      -1.1511160349824452e+002</data></Distortion>
  <Translation type_id="opencv-matrix">
    <rows>3</rows>
    <cols>1</cols>
    <dt>d</dt>
    <data>
      3.0402663337515193e+001 5.4467718458062201e+001
      9.2305277865163248e+002</data></Translation>
  <Rotation type_id="opencv-matrix">
    <rows>3</rows>
    <cols>3</cols>
    <dt>d</dt>
    <data>
      -7.3285103237058824e-001 3.1826736073516271e-001
      6.0136116556029506e-001 -2.3991443056691208e-001
      -9.4795701392784160e-001 2.0932884595956694e-001
      6.3668707412599246e-001 9.1316392659596957e-003
      7.7106820891876904e-001</data></Rotation>
  <Height>3264</Height>
  <Width>4896</Width></Camera>
<BoardSquare><Height>33</Height>
  <Width>33</Width></BoardSquare>
<ExtractedFeatures><CameraImages><NumberOfImgs>7</NumberOfImgs>
    <Image1><BoardCorners>
        2.70969971e+003 2.87085327e+003 2.45806299e+003 2.76174268e+003
        2.21750269e+003 2.65761670e+003 1.98773621e+003 2.55784741e+003
        1.76820496e+003 2.46224121e+003 1.55741394e+003 2.37075854e+003
        1.35500024e+003 2.28313232e+003 2.81925562e+003 2.55495386e+003
        2.56485254e+003 2.45320264e+003 2.32240869e+003 2.35570728e+003
        2.09044238e+003 2.26277075e+003 1.86867346e+003 2.17369678e+003
        1.65583850e+003 2.08856201e+003 1.45174280e+003 2.00657288e+003
        2.92832202e+003 2.23957764e+003 2.67201831e+003 2.14467944e+003
        2.42709741e+003 2.05446484e+003 2.19320239e+003 1.96770166e+003
        1.96924255e+003 1.88533972e+003 1.75426074e+003 1.80627087e+003
        1.54849524e+003 1.73036841e+003 3.03739063e+003 1.92456409e+003
        2.77866235e+003 1.83722400e+003 2.53146655e+003 1.75366333e+003
        2.29512988e+003 1.67406689e+003 2.06936890e+003 1.59762524e+003
        1.85247705e+003 1.52463013e+003 1.64482373e+003 1.45439331e+003
        3.14600098e+003 1.60971460e+003 2.88505542e+003 1.52941919e+003
        2.63574146e+003 1.45299463e+003 2.39733545e+003 1.37973438e+003
        2.16931006e+003 1.30994031e+003 1.95052258e+003 1.24280750e+003
        1.74095984e+003 1.17870117e+003 3.25440186e+003 1.29558691e+003
        2.99081982e+003 1.22269678e+003 2.73973486e+003 1.15285669e+003
        2.49894360e+003 1.08663403e+003 2.26906030e+003 1.02292444e+003
        2.04825024e+003 9.61949524e+002 1.83698694e+003 9.03617981e+002
        3.36181445e+003 9.82214294e+002 3.09654126e+003 9.16425171e+002
        2.84313501e+003 8.54000305e+002 2.60052515e+003 7.93580261e+002
        2.36834570e+003 7.36459778e+002 2.14566528e+003 6.81625305e+002
        1.93256616e+003 6.29000366e+002 3.46912939e+003 6.69681458e+002
        3.20152588e+003 6.10869080e+002 2.94641699e+003 5.54808472e+002
        2.70153955e+003 5.01415161e+002 2.46755127e+003 4.50132202e+002
        2.24278442e+003 4.01505798e+002 2.02799316e+003 3.54642700e+002</BoardCorners>
      <ObjBoardCorners>
        0. 0. 0. 33. 0. 0. 66. 0. 0. 99. 0. 0. 132. 0. 0. 165. 0. 0.
        198. 0. 0. 0. 33. 0. 33. 33. 0. 66. 33. 0. 99. 33. 0. 132. 33.
        0. 165. 33. 0. 198. 33. 0. 0. 66. 0. 33. 66. 0. 66. 66. 0. 99.
        66. 0. 132. 66. 0. 165. 66. 0. 198. 66. 0. 0. 99. 0. 33. 99. 0.
        66. 99. 0. 99. 99. 0. 132. 99. 0. 165. 99. 0. 198. 99. 0. 0.
        132. 0. 33. 132. 0. 66. 132. 0. 99. 132. 0. 132. 132. 0. 165.
        132. 0. 198. 132. 0. 0. 165. 0. 33. 165. 0. 66. 165. 0. 99. 165.
        0. 132. 165. 0. 165. 165. 0. 198. 165. 0. 0. 198. 0. 33. 198. 0.
        66. 198. 0. 99. 198. 0. 132. 198. 0. 165. 198. 0. 198. 198. 0.
        0. 231. 0. 33. 231. 0. 66. 231. 0. 99. 231. 0. 132. 231. 0. 165.
        231. 0. 198. 231. 0.</ObjBoardCorners></Image1>
    <Image2><BoardCorners>
        1.90573730e+003 3.05171356e+002 2.15258813e+003 3.56599457e+002
        2.40935474e+003 4.09631134e+002 2.67434717e+003 4.65455933e+002
        2.95012671e+003 5.22875366e+002 3.23551099e+003 5.83111450e+002
        1.82502209e+003 5.97342896e+002 2.07067847e+003 6.54067871e+002
        2.32529565e+003 7.12617615e+002 2.58951318e+003 7.72775208e+002
        2.86274609e+003 8.37329102e+002 3.14698560e+003 9.02916199e+002
        1.74484521e+003 8.89305298e+002 1.98858423e+003 9.51132690e+002
        2.24172192e+003 1.01516589e+003 2.50354712e+003 1.08125000e+003
        2.77576929e+003 1.15077612e+003 3.05783301e+003 1.22163391e+003
        1.66428101e+003 1.18061975e+003 1.90671497e+003 1.24769165e+003
        2.15839429e+003 1.31713477e+003 2.41896826e+003 1.38829431e+003
        2.68859692e+003 1.46364966e+003 2.96953613e+003 1.54099133e+003
        1.58394275e+003 1.47216528e+003 1.82484399e+003 1.54430835e+003
        2.07493579e+003 1.61870459e+003 2.33359326e+003 1.69626501e+003
        2.60195825e+003 1.77658069e+003 2.88078198e+003 1.85939355e+003
        1.50362158e+003 1.76282349e+003 1.74309338e+003 1.83989783e+003
        1.99155798e+003 1.91999963e+003 2.24835083e+003 2.00303210e+003
        2.51519800e+003 2.08901440e+003 2.79174829e+003 2.17791040e+003
        1.42327783e+003 2.05294043e+003 1.66111743e+003 2.13509863e+003
        1.90801526e+003 2.22046167e+003 2.16318555e+003 2.30874341e+003
        2.42823242e+003 2.40028320e+003 2.70325195e+003 2.49538892e+003
        1.34295654e+003 2.34258545e+003 1.57969250e+003 2.43002246e+003
        1.82483386e+003 2.52015161e+003 2.07839160e+003 2.61386572e+003
        2.34146997e+003 2.71139429e+003 2.61467603e+003 2.81224097e+003</BoardCorners>
      <ObjBoardCorners>
        0. 0. 0. 33. 0. 0. 66. 0. 0. 99. 0. 0. 132. 0. 0. 165. 0. 0. 0.
        33. 0. 33. 33. 0. 66. 33. 0. 99. 33. 0. 132. 33. 0. 165. 33. 0.
        0. 66. 0. 33. 66. 0. 66. 66. 0. 99. 66. 0. 132. 66. 0. 165. 66.
        0. 0. 99. 0. 33. 99. 0. 66. 99. 0. 99. 99. 0. 132. 99. 0. 165.
        99. 0. 0. 132. 0. 33. 132. 0. 66. 132. 0. 99. 132. 0. 132. 132.
        0. 165. 132. 0. 0. 165. 0. 33. 165. 0. 66. 165. 0. 99. 165. 0.
        132. 165. 0. 165. 165. 0. 0. 198. 0. 33. 198. 0. 66. 198. 0. 99.
        198. 0. 132. 198. 0. 165. 198. 0. 0. 231. 0. 33. 231. 0. 66.
        231. 0. 99. 231. 0. 132. 231. 0. 165. 231. 0.</ObjBoardCorners></Image2>
    <Image3><BoardCorners>
        2.37817969e+003 2.85066284e+003 2.06701172e+003 2.75943677e+003
        1.76326770e+003 2.66989111e+003 1.46597778e+003 2.58293384e+003
        1.17513013e+003 2.49775146e+003 8.92322632e+002 2.41264551e+003
        2.44977002e+003 2.52231274e+003 2.13620728e+003 2.43456885e+003
        1.83098450e+003 2.34862280e+003 1.53187903e+003 2.26557324e+003
        1.23934375e+003 2.18301294e+003 9.54312988e+002 2.10310156e+003
        2.52216675e+003 2.19162817e+003 2.20682666e+003 2.10726343e+003
        1.89924841e+003 2.02507629e+003 1.59819983e+003 1.94513062e+003
        1.30350989e+003 1.86489905e+003 1.01764880e+003 1.78876294e+003
        2.59462720e+003 1.85873340e+003 2.27755078e+003 1.77811182e+003
        1.96793286e+003 1.69906189e+003 1.66514648e+003 1.62352673e+003
        1.37076843e+003 1.54463232e+003 1.08042859e+003 1.47353308e+003
        2.66783765e+003 1.52242151e+003 2.34836304e+003 1.44546667e+003
        2.03776855e+003 1.37118396e+003 1.73101575e+003 1.29830334e+003
        1.43510571e+003 1.22563806e+003 1.14472717e+003 1.15566064e+003
        2.74135034e+003 1.18437915e+003 2.42006079e+003 1.11186670e+003
